     0/299     1.85G    0.1259   0.06233   0.03069    0.2189        25       416         0         0  0.009178  0.002157    0.1183   0.04673    0.0293
     1/299     1.86G    0.1215   0.06462    0.0301    0.2162        24       416         0         0   0.01217  0.002438    0.1157   0.04518   0.02875
     2/299     1.86G    0.1172   0.06343   0.02886    0.2095        40       416         0         0   0.01582  0.005088    0.1134   0.04468   0.02786
     3/299     1.86G    0.1122   0.07387   0.02736    0.2134        43       416         0         0   0.02947   0.00932     0.111   0.04448   0.02684
     4/299     1.86G    0.1076   0.07587   0.02631    0.2098        31       416         0         0   0.08273   0.02275    0.1081   0.04517   0.02572
     5/299     1.86G    0.1029    0.0754   0.02524    0.2036        27       416         0         0   0.07811   0.03393    0.1049   0.04607   0.02478
     6/299     1.86G   0.09906   0.07885    0.0247    0.2026        29       416    0.1588    0.2188    0.1395   0.06672    0.1023   0.04636   0.02353
     7/299     1.86G   0.09593   0.07946   0.02376    0.1992        18       416     0.192    0.3312    0.1713   0.07488   0.09952    0.0474    0.0224
     8/299     1.86G   0.09456   0.08583   0.02262     0.203        38       416    0.1206    0.3792    0.1851   0.08941   0.09626   0.04818   0.02129
     9/299     1.86G   0.09135   0.08188   0.02107    0.1943        17       416   0.09265    0.4104    0.1973   0.07043    0.0939    0.0486   0.01999
    10/299     1.86G   0.08807   0.08603   0.01975    0.1939        43       416   0.09102    0.4104    0.2511    0.0896   0.09209   0.04826   0.01895
    11/299     1.86G   0.08536   0.08138   0.02045    0.1872        28       416   0.09367    0.4417    0.2189   0.07125   0.09123   0.04788   0.01806
    12/299     1.86G   0.08156   0.08095   0.01862    0.1811        23       416    0.1059    0.4417    0.3065    0.1297   0.08828   0.04802   0.01695
    13/299     1.86G   0.08104   0.08205   0.01823    0.1813        20       416    0.1304    0.4583    0.3392    0.1599   0.08552   0.04786    0.0158
    14/299     1.86G   0.07784   0.08168   0.01706    0.1766        46       416    0.1346    0.4917    0.3561    0.1744    0.0831   0.04804   0.01476
    15/299     1.86G   0.07545   0.07789    0.0166    0.1699        36       416    0.1482    0.5229    0.3551     0.187    0.0821   0.04768   0.01374
    16/299     1.86G   0.07426   0.07614   0.01719    0.1676        24       416    0.1889    0.4771     0.404    0.2631   0.08002   0.04727   0.01284
    17/299     1.86G   0.07202   0.07549   0.01512    0.1626        28       416    0.1298     0.525    0.3499    0.2163   0.08127   0.04687   0.01178
    18/299     1.86G   0.07263   0.07013   0.01466    0.1574        18       416    0.1493     0.575    0.3841    0.2135   0.08103   0.04643   0.01118
    19/299     1.86G   0.06936    0.0732   0.01324    0.1558        18       416    0.1405     0.625    0.3992    0.2415   0.07644   0.04785   0.01013
    20/299     1.86G   0.06821   0.07183   0.01285    0.1529        42       416    0.1646    0.6729    0.4761    0.2841   0.07283   0.04716  0.009132
    21/299     1.86G   0.06469   0.07137    0.0127    0.1488        23       416    0.1276    0.6271    0.4638    0.3014   0.07347   0.04439  0.008392
    22/299     1.86G    0.0659    0.0723   0.01311    0.1513        28       416    0.1859    0.6104    0.4406    0.3047   0.07222   0.04423  0.007921
    23/299     1.86G   0.06286   0.06927   0.01145    0.1436        12       416    0.1793    0.6604    0.4389    0.2923   0.07218   0.04401  0.007323
    24/299     1.86G   0.06272   0.06715   0.01085    0.1407        16       416    0.1982     0.675    0.4861       0.3   0.07107   0.04382  0.006633
    25/299     1.86G   0.06134    0.0633   0.01063    0.1353        13       416    0.1863    0.6583    0.5195    0.2947   0.07036   0.04235  0.007223
    26/299     1.86G   0.06303   0.07664  0.009233    0.1489        47       416    0.1699    0.7896      0.51     0.307   0.07052   0.04421  0.006484
    27/299     1.86G   0.06559   0.06801  0.008536    0.1421        22       416    0.1886    0.7542    0.4864    0.2984   0.07343   0.04139  0.006382
    28/299     1.86G   0.06056   0.06599  0.008873    0.1354        21       416    0.2246    0.7729    0.5922    0.3595   0.06749   0.04255  0.005766
    29/299     1.86G   0.06247   0.06137  0.007209     0.131        17       416    0.2197    0.6917    0.5216    0.3197   0.07384   0.04112  0.005467
    30/299     1.87G   0.06365   0.06324  0.006728    0.1336        28       416    0.2291    0.7083     0.529    0.3472   0.06602    0.0427  0.004979
    31/299     1.87G   0.06021   0.07065  0.006588    0.1375        24       416    0.1883    0.7708    0.5285    0.2649   0.06802   0.04337  0.005241
    32/299     1.87G   0.05804   0.05687  0.007218    0.1221        13       416    0.2901    0.7229    0.6282    0.3709   0.06562   0.04261  0.005569
    33/299     1.87G   0.06024   0.06304  0.006495    0.1298        24       416     0.213    0.7562     0.597    0.3705   0.06649   0.04346  0.004988
    34/299     1.87G   0.06059   0.06603  0.006595    0.1332        43       416    0.2928    0.7063    0.6134    0.3588   0.06793   0.04184  0.004929
    35/299     1.87G   0.05838   0.06405  0.005625    0.1281        34       416    0.3294    0.7396    0.6366     0.327   0.06764   0.04046  0.005059
    36/299     1.87G   0.05751   0.05738  0.006065     0.121        28       416    0.3516    0.7729    0.6198    0.3202   0.06697   0.04081  0.005777
    37/299     1.87G   0.05907   0.06456   0.00527    0.1289        29       416    0.2788    0.7729    0.6009    0.2795   0.06803   0.04132  0.005604
    38/299     1.87G    0.0586   0.05977  0.004808    0.1232        34       416    0.3584    0.7722    0.6361    0.3462   0.06213   0.04574  0.004905
    39/299     1.87G   0.05595   0.06425  0.005061    0.1253        36       416     0.278     0.725    0.6381    0.3591   0.06406   0.04328  0.005078
    40/299     1.87G   0.05367   0.05352  0.004426    0.1116        16       416    0.4352    0.8042    0.6915    0.3759    0.0642   0.04048  0.004551
    41/299     1.87G   0.05614   0.05894  0.004594    0.1197        31       416    0.3534    0.8208    0.6712    0.3852   0.06383   0.04238  0.004125
    42/299     1.87G    0.0539    0.0558  0.004792    0.1145        16       416    0.2328    0.8042    0.6089    0.3568   0.06233   0.04488  0.003992
    43/299     1.87G   0.05586   0.06031  0.004898    0.1211        37       416    0.3027    0.8325    0.5913    0.3994   0.06716   0.04254  0.004025
    44/299     1.87G   0.05431   0.05918  0.004766    0.1183        37       416    0.3703    0.9021    0.6998    0.3938   0.05924   0.04519  0.004127
    45/299     1.87G   0.05341   0.05851  0.003916    0.1158        38       416    0.1893    0.8354    0.4665    0.2332   0.07098   0.04573  0.003653
    46/299     1.87G   0.05869   0.05764  0.005116    0.1214        32       416    0.4159    0.8375    0.6965    0.4079   0.06169   0.04198  0.003616
    47/299     1.87G   0.05802   0.05914  0.003943    0.1211        28       416    0.3107    0.8688    0.6655    0.3821   0.06689   0.04162  0.003601
    48/299     1.87G   0.05789   0.06059  0.005246    0.1237        36       416     0.352    0.8208    0.6537    0.4035   0.06177   0.04485  0.003583
    49/299     1.87G   0.05666   0.06043  0.004294    0.1214        31       416    0.3448    0.8354    0.6937    0.3736   0.06327   0.04428  0.003388
    50/299     1.87G   0.05585   0.05457  0.003971    0.1144        21       416    0.3938    0.8375     0.689     0.418   0.06343    0.0419  0.003727
    51/299     1.87G   0.05207   0.05744  0.003624    0.1131        25       416    0.4063    0.8688    0.6595    0.3463   0.06108   0.04425  0.004016
    52/299     1.87G   0.05392   0.05694  0.003769    0.1146        24       416    0.3281    0.8063    0.6085     0.374   0.05877    0.0413  0.004431
    53/299     1.87G   0.05319   0.05606  0.004349    0.1136        11       416    0.4295    0.8208    0.7204    0.3476   0.06193   0.04281  0.003838
    54/299     1.87G   0.05777   0.05571  0.004294    0.1178        23       416    0.3626    0.8827    0.6993    0.3881   0.06153   0.04398  0.003869
    55/299     1.87G   0.05162   0.05875  0.003915    0.1143        38       416      0.39    0.8688    0.7363    0.3986   0.06147   0.04185  0.003613
    56/299     1.87G   0.05137   0.05252  0.004043    0.1079        23       416    0.4556    0.8688    0.7606    0.4194   0.05796   0.04299  0.004088
    57/299     1.87G   0.05251    0.0537  0.003829      0.11        37       416    0.3883    0.8542    0.7507    0.4122   0.05929   0.04188  0.004687
    58/299     1.87G   0.05018    0.0569  0.003783    0.1109        30       416    0.3436    0.8688    0.7739    0.4409   0.05487   0.04386   0.00363
    59/299     1.87G    0.0494   0.05089  0.004074    0.1044        26       416    0.4519    0.8688    0.7195    0.4227   0.05981   0.04244  0.003875
    60/299     1.87G   0.04954   0.05361  0.003942    0.1071        20       416    0.4176    0.8542    0.7712    0.4752   0.05456   0.04272  0.003748
    61/299     1.87G   0.05227   0.06314  0.003609     0.119        39       416     0.387    0.8354     0.713     0.446   0.05316     0.045  0.002948
    62/299     1.87G   0.04874   0.05393  0.003476    0.1062        23       416    0.3555    0.8542    0.7746    0.4936   0.05001   0.04714  0.002819
    63/299     1.87G    0.0472   0.05729  0.003714    0.1082        27       416    0.5244    0.8688    0.7715    0.4269   0.05523   0.04286  0.002813
    64/299     1.87G    0.0493   0.05312  0.003461    0.1059        16       416    0.3587    0.8708    0.7599    0.4329   0.05271   0.04731  0.002433
    65/299     1.87G   0.04927   0.05318  0.003783    0.1062        36       416    0.4453    0.8229    0.6953    0.4119   0.05376   0.04486  0.003751
    66/299     1.87G   0.04844   0.05505  0.003712    0.1072        11       416    0.4119    0.8638    0.7673    0.4014   0.05559   0.04655   0.00288
    67/299     1.87G   0.04649   0.05658  0.003209    0.1063        21       416    0.2769    0.7896     0.684    0.4069   0.05517   0.04902  0.002955
    68/299     1.87G   0.04703   0.05699  0.003022     0.107        40       416    0.3814    0.8688    0.8038    0.4698   0.05358   0.04746  0.003269
    69/299     1.87G     0.047   0.05262  0.003254    0.1029        17       416    0.3914    0.8521    0.7582    0.4199   0.05599   0.05004  0.002892
    70/299     1.87G   0.04767   0.05534  0.003232    0.1062        31       416    0.3724    0.8042    0.6807     0.425   0.05659   0.04778  0.003168
    71/299     1.87G   0.04658   0.05154  0.002938    0.1011        13       416    0.2857    0.8042    0.7242    0.4595   0.05549    0.0475  0.003073
    72/299     1.87G   0.04907   0.05731  0.002729    0.1091        27       416    0.3004    0.8208    0.7144    0.4034   0.05379   0.05145  0.002773
    73/299     1.87G   0.04392    0.0487  0.002979    0.0956        13       416    0.3779    0.8542    0.7668    0.4528   0.05614   0.04952  0.003004
    74/299     1.87G   0.04769   0.05562  0.003231    0.1065        42       416    0.3374    0.8208    0.7223    0.3991   0.06023    0.0481  0.003332
    75/299     1.87G   0.04408   0.05329  0.003045    0.1004        24       416    0.3742    0.8521     0.734    0.4273   0.05692   0.04856  0.003658
    76/299     1.87G   0.04541   0.05784  0.003476    0.1067        38       416    0.2879    0.8375    0.6279    0.3386   0.05789   0.04742  0.003473
    77/299     1.87G   0.04917   0.05673  0.003013    0.1089        18       416    0.4081    0.7896    0.7175    0.3968   0.05742   0.04627  0.003964
    78/299     1.87G   0.04897   0.05227  0.003242    0.1045        18       416     0.469    0.8688    0.7851    0.4325   0.05649     0.047  0.003146
    79/299     1.87G    0.0494   0.04981  0.003329    0.1025        40       416    0.3992    0.8354    0.7011    0.4488   0.05665   0.05174   0.00298
    80/299     1.87G   0.04883   0.04917  0.002825    0.1008        13       416    0.4057    0.8042    0.7118    0.3841   0.05642    0.0493  0.003038
    81/299     1.87G   0.04601   0.05514  0.003491    0.1046        21       416    0.2541    0.7875    0.6562    0.3597   0.05672   0.04969   0.00292
    82/299     1.87G     0.048   0.05305   0.00337    0.1044        29       416    0.3321    0.8688    0.8169    0.4574   0.05166   0.05039  0.002953
    83/299     1.87G   0.04936   0.05272  0.003029    0.1051        27       416    0.4973    0.7896    0.7815    0.3759   0.05953   0.04589  0.002605
    84/299     1.87G   0.05214   0.05119  0.004251    0.1076        15       416    0.3465    0.8208    0.7601    0.4161   0.05674   0.04622  0.003351
    85/299     1.87G   0.04315   0.05423  0.003196    0.1006        26       416    0.2871    0.8063    0.6619    0.3695   0.05554   0.05042  0.003527
    86/299     1.87G   0.04248   0.05263  0.003288   0.09839        31       416    0.3546       0.9    0.8187    0.4456   0.05232   0.04449  0.003431
    87/299     1.87G   0.04393   0.05016  0.003507   0.09759        24       416     0.508    0.8688     0.845    0.5028   0.05292   0.04364  0.003734
    88/299     1.87G   0.04211   0.05422  0.002748   0.09907        38       416    0.3868    0.8208    0.7246    0.4385   0.05532   0.04908  0.003682
    89/299     1.87G   0.04196   0.05424  0.002983   0.09918        31       416    0.3772    0.8208    0.6892     0.427   0.05343   0.05316  0.004192
    90/299     1.87G   0.04222   0.05419  0.003183    0.0996        25       416    0.4889    0.8375     0.794    0.4323   0.05325   0.05188   0.00468
    91/299     1.87G   0.04362    0.0501  0.003202   0.09692        19       416    0.4457    0.8042    0.7863    0.3815   0.05668   0.05163  0.004266
    92/299     1.87G   0.04822   0.05788  0.003012    0.1091        27       416    0.3314    0.8229     0.742    0.4215   0.05531   0.05018  0.003986
    93/299     1.87G   0.04246   0.05324  0.003081   0.09878        25       416    0.3771    0.7729    0.7339    0.3952   0.05394   0.04949   0.00434
    94/299     1.87G   0.04411   0.05345  0.002828    0.1004        23       416    0.4377    0.7417    0.7162    0.3872   0.05503   0.04871  0.003779
    95/299     1.87G    0.0447   0.05519  0.002628    0.1025        28       416    0.4668    0.7104    0.6402    0.3345   0.05908   0.04718  0.004769
    96/299     1.87G   0.04575   0.05837   0.00279    0.1069        61       416    0.4499    0.8042    0.6966    0.4026   0.05814   0.04993  0.004925
    97/299     1.87G   0.04264   0.05161  0.002573   0.09682        33       416    0.4174    0.8333    0.7989     0.451   0.05387   0.04717  0.004611
    98/299     1.87G   0.04032   0.05388  0.002365   0.09656        39       416    0.4035    0.8208    0.8211    0.4342   0.05121   0.05034  0.004404
    99/299     1.87G   0.04076    0.0491   0.00256   0.09242        21       416    0.3715    0.7896    0.7247    0.4244   0.05334   0.05438  0.002669
   100/299     1.87G   0.04246   0.05108  0.003521   0.09707        31       416    0.3983    0.7896    0.7739    0.4737   0.05064   0.05442  0.002765
   101/299     1.87G   0.03894   0.05044  0.003598   0.09298        17       416     0.424    0.7896    0.7754    0.4621   0.04873   0.05037  0.002629
   102/299     1.87G   0.04052   0.05055  0.002729   0.09379        16       416    0.4529    0.7729    0.7344    0.4753    0.0499   0.05057  0.002205
   103/299     1.87G   0.04046    0.0484  0.002533    0.0914         9       416    0.4619    0.7896    0.7667    0.4798   0.05314   0.05043  0.003104
   104/299     1.87G   0.04546   0.05531  0.003282    0.1041        33       416    0.3942    0.8208    0.7648    0.4094   0.05072    0.0482  0.003527
   105/299     1.87G   0.04042   0.05393  0.002616   0.09696        20       416    0.3679    0.8229    0.7099    0.3861   0.04903   0.04552  0.004402
   106/299     1.87G   0.03847   0.04776  0.002518   0.08875        33       416    0.4265    0.8208     0.784    0.4722     0.048   0.04704  0.004285
   107/299     1.87G   0.03907   0.05588  0.002617   0.09757        27       416    0.3851    0.8208    0.7974    0.5026   0.04808   0.04687  0.004978
   108/299     1.87G   0.04078   0.05793  0.002212    0.1009        34       416    0.3583    0.8354    0.7138    0.4466   0.04857   0.05386   0.00496
   109/299     1.87G   0.03843   0.05943    0.0029    0.1008        31       416    0.3512    0.8375    0.7619    0.4743   0.04746   0.04791  0.003356
   110/299     1.87G   0.03834    0.0524  0.002673   0.09342        44       416    0.4034    0.8229    0.7689    0.4997   0.05007   0.04775   0.00269
   111/299     1.87G   0.04006   0.05003  0.002368   0.09246        31       416    0.4068    0.8063    0.7613     0.508   0.05133   0.04773  0.002524
   112/299     1.87G   0.03716   0.04958  0.002751   0.08949        18       416    0.5041    0.8208    0.8075     0.484   0.05161   0.05013  0.003584
   113/299     1.87G   0.03893   0.05001   0.00218   0.09112        15       416    0.4143    0.8688    0.7847    0.4726   0.05337   0.05218   0.00478
   114/299     1.87G   0.03732     0.049  0.002474   0.08879        19       416    0.4445    0.8542    0.8088    0.4787   0.05346   0.05108  0.006131
   115/299     1.87G   0.04078   0.05028  0.002585   0.09365        22       416    0.4587    0.8042    0.7581    0.4366   0.05387   0.05026  0.005948
   116/299     1.87G   0.03859   0.05152   0.00209    0.0922        32       416    0.4981    0.8208    0.8038    0.4751   0.05306   0.04995  0.003045
   117/299     1.87G   0.03494   0.05369  0.002621   0.09125        55       416    0.4559    0.8042    0.7969    0.4834   0.05244   0.05031  0.002933
   118/299     1.87G   0.03768   0.04636  0.002552    0.0866        19       416    0.4367    0.8208      0.77    0.4641   0.05222    0.0507  0.003409
   119/299     1.87G   0.03723   0.04989  0.002546   0.08966        18       416    0.4131    0.7583    0.7414    0.4657   0.05353   0.04954  0.003265
   120/299     1.87G   0.03742    0.0527  0.002206   0.09232        30       416    0.4036    0.7896    0.7839    0.4587   0.05106    0.0498  0.003564
   121/299     1.87G   0.03522   0.05373  0.002442   0.09139        31       416     0.379     0.775    0.7588    0.4955   0.05209   0.05061  0.003228
   122/299     1.87G   0.03458   0.04649  0.002362   0.08344        25       416    0.4974     0.775    0.7647    0.4891   0.05137   0.04827  0.003603
   123/299     1.87G   0.03647   0.05171  0.002393   0.09058        27       416    0.4323    0.7417    0.7235    0.4801   0.05149   0.04822  0.003552
   124/299     1.87G   0.03833   0.04722  0.002044   0.08759        37       416    0.5174    0.8042    0.7657    0.4633   0.05305   0.04839  0.002818
   125/299     1.87G   0.03682   0.05128  0.001935   0.09004        30       416    0.4493    0.8375    0.8194     0.528   0.05101   0.04692  0.002658
   126/299     1.87G   0.03456   0.04757  0.001522   0.08365        19       416    0.6856    0.8208    0.8442    0.5245   0.05127    0.0449   0.00236
   127/299     1.87G   0.03631   0.04938  0.002119   0.08781        20       416    0.3872    0.7896    0.8063    0.4958   0.05129   0.04916  0.003203
   128/299     1.87G    0.0333   0.04689  0.002234   0.08242        17       416    0.6053    0.8042    0.8231    0.5303   0.05261   0.04598  0.004172
   129/299     1.87G    0.0345   0.04509  0.002372   0.08196        16       416    0.7121    0.8208     0.827    0.5103    0.0511   0.05064  0.004799
   130/299     1.87G   0.03488   0.04515   0.00203   0.08205        23       416    0.4618    0.8521    0.8213     0.521    0.0496   0.05177  0.005303
   131/299     1.87G   0.03502   0.04595  0.002864   0.08383        19       416    0.5577    0.8354    0.8412    0.5427   0.04982   0.04707  0.003477
   132/299     1.87G   0.03616   0.04939  0.002376   0.08793        26       416    0.6009    0.8375    0.8292     0.479   0.04719   0.04718  0.002631
   133/299     1.87G   0.03261   0.04612  0.001779   0.08051        17       416    0.5022    0.8042    0.7709    0.5018   0.04639   0.04693  0.002508
   134/299     1.87G   0.03503   0.05331  0.002176   0.09052        37       416    0.6597    0.8375    0.8128    0.5244   0.04555   0.05038  0.002764
   135/299     1.87G   0.03155   0.04447  0.002183    0.0782        23       416    0.5803    0.8208     0.792    0.4916   0.04744   0.05005  0.002614
   136/299     1.87G   0.03197   0.04444  0.002521   0.07893        21       416    0.4684    0.8208    0.7875    0.4727   0.04982   0.04982  0.003017
   137/299     1.87G    0.0308    0.0446  0.001688   0.07708        17       416    0.4336    0.8063    0.7876    0.4672   0.04778   0.05159  0.002604
   138/299     1.87G    0.0322   0.04858  0.001585   0.08237        24       416    0.5616    0.8229    0.7905    0.4367   0.04897   0.04961  0.001826
   139/299     1.87G   0.03387   0.04309  0.002099   0.07907        32       416    0.5083    0.7896    0.7629    0.4552   0.05015   0.05047  0.001958
   140/299     1.87G   0.03325   0.04195  0.001733   0.07693        23       416    0.5998    0.8208    0.7934     0.465   0.05242   0.04974  0.002464
   141/299     1.87G    0.0324    0.0431  0.002303    0.0778        30       416    0.4823    0.7875     0.775    0.4706   0.05244   0.04949   0.00283
   142/299     1.87G   0.03298   0.05043  0.001448   0.08485        23       416     0.575    0.7953    0.8083    0.5129   0.05003   0.04592  0.002098
   143/299     1.87G   0.03281   0.04425  0.001727   0.07879        16       416    0.5276    0.8229    0.7944    0.4912   0.04901    0.0449  0.002058
   144/299     1.87G   0.03331   0.04784  0.002439   0.08359        15       416    0.5923    0.7896    0.8084    0.5179   0.04898   0.04697  0.002088
   145/299     1.87G   0.03284   0.04845  0.001623   0.08292        44       416    0.6089    0.7896    0.8108    0.5147   0.04958   0.04932  0.001881
   146/299     1.87G   0.03021   0.04576  0.001472   0.07744        15       416    0.6303    0.7729    0.7943    0.5217   0.04946    0.0515  0.002352
   147/299     1.87G   0.03049   0.04303  0.001923   0.07545        20       416      0.61    0.7427    0.7322    0.4919   0.05107   0.05117  0.001864
   148/299     1.87G   0.03252   0.04576  0.002249   0.08053        26       416    0.5984    0.7417    0.7417    0.5067   0.04997   0.05095  0.001685
   149/299     1.87G   0.03222   0.04609  0.001486    0.0798        16       416    0.5386    0.7562    0.7724     0.474   0.05016   0.05022  0.001691
   150/299     1.87G   0.03306   0.04644  0.001908   0.08141        19       416    0.6554    0.7896    0.7988    0.4911   0.04907   0.05194  0.001813
   151/299     1.87G   0.03053   0.04281  0.002348   0.07569        20       416    0.6756    0.7729    0.7684    0.4821   0.04964   0.05227   0.00156
   152/299     1.87G   0.03464   0.04403  0.001576   0.08024        17       416    0.6237     0.783    0.7911    0.4958   0.04807   0.05102  0.001425
   153/299     1.87G   0.02976   0.04256  0.002186   0.07451        26       416    0.5869    0.8042       0.8    0.5498   0.04591   0.05127  0.001618
   154/299     1.87G   0.03166   0.04772  0.001627   0.08101        34       416    0.5624    0.8042    0.8267    0.5641   0.04318   0.04964  0.001633
   155/299     1.87G   0.02998   0.04162  0.001657   0.07326        25       416    0.7586    0.8708    0.8595    0.5533   0.04488   0.04485  0.001316
   156/299     1.87G    0.0321   0.04529  0.001902   0.07929        21       416    0.7063    0.7896    0.8028    0.5637   0.04855   0.04182  0.001704
   157/299     1.87G   0.03292   0.04396  0.001504   0.07839        14       416    0.6937    0.8375    0.8319    0.5332   0.04846   0.04806   0.00219
   158/299     1.87G    0.0302   0.04439  0.001289   0.07588        19       416    0.6364    0.8208    0.8262    0.5207   0.04779   0.05025  0.002946
   159/299     1.87G   0.03039   0.04543  0.001653   0.07747        26       416    0.6147    0.8375    0.8304    0.5228   0.04921   0.05168  0.002984
   160/299     1.87G   0.03221   0.04694  0.001483   0.08063        36       416    0.6959    0.8208    0.8425    0.5245   0.04913   0.05124  0.002872
   161/299     1.87G   0.02893      0.04  0.001115   0.07005        11       416    0.7312    0.8042    0.8153    0.5359    0.0501   0.05233  0.002229
   162/299     1.87G   0.02859   0.04196  0.001135   0.07168        37       416     0.762    0.8042    0.8139    0.5379   0.05037   0.04895  0.001809
   163/299     1.87G   0.02961   0.04122  0.001438   0.07226        26       416    0.7695    0.8375    0.8492    0.5538   0.05085   0.04972  0.001557
   164/299     1.87G   0.03205   0.04933  0.001245   0.08263        47       416    0.8214    0.8542     0.852     0.546   0.05112   0.04952  0.001813
   165/299     1.87G   0.02931    0.0431  0.001717   0.07413        33       416    0.7246    0.8042    0.8395    0.5379   0.05222   0.05012  0.001939
   166/299     1.87G   0.03002   0.04082  0.001377   0.07222        20       416     0.711    0.7896    0.7846    0.5588   0.05073   0.04995   0.00237
   167/299     1.87G   0.03012   0.04282  0.001458    0.0744        21       416    0.7286    0.8375    0.8422    0.5593   0.05003   0.05149  0.002348
   168/299     1.87G   0.03105   0.04262   0.00147   0.07515        32       416    0.7259    0.8208    0.8154     0.564   0.04977   0.05215  0.002381
   169/299     1.87G   0.03019   0.04216  0.001201   0.07355        18       416    0.5665    0.7729    0.7633    0.5196   0.05034   0.05378  0.002459
   170/299     1.87G   0.03038   0.04579  0.001681   0.07785        21       416    0.4744    0.8042    0.7715    0.5049   0.04963   0.05724  0.002821
   171/299     1.87G   0.03127   0.04305  0.001176    0.0755        27       416    0.4911    0.8042     0.748     0.492   0.04927   0.05763  0.002899
   172/299     1.87G   0.02771   0.04245  0.001032   0.07119        32       416    0.6134    0.8042    0.7641    0.4792   0.05086   0.05703  0.003017
   173/299     1.87G   0.02952   0.03895  0.001556   0.07003        17       416    0.6391    0.8042    0.7879     0.526   0.05105   0.05358  0.003685
   174/299     1.87G   0.02729   0.03813  0.001119   0.06654        28       416    0.5606    0.8042    0.7999    0.5296   0.05045   0.05232   0.00318
   175/299     1.87G   0.02796   0.04051  0.001181   0.06966        29       416    0.5953    0.7729    0.7871    0.5265   0.05031   0.05109  0.002872
   176/299     1.87G   0.02868   0.04479  0.001507   0.07497        38       416    0.6554    0.8042    0.7962     0.511   0.04999   0.05038  0.003303
   177/299     1.87G   0.02835   0.04376  0.001814   0.07392        41       416    0.6045    0.8042    0.7904    0.4869   0.05169   0.05365  0.003524
   178/299     1.87G   0.02844   0.03904  0.001659   0.06914        19       416    0.6411    0.8042    0.7946    0.5043   0.05106   0.05325  0.003567
   179/299     1.87G   0.02954   0.04212  0.001393   0.07305        34       416    0.6509    0.8208    0.8149    0.5057   0.05145   0.05304  0.004209
   180/299     1.87G   0.02728   0.03948    0.0015   0.06826        28       416    0.5942    0.8375    0.8133     0.507   0.05106   0.05271  0.005268
   181/299     1.87G   0.02705    0.0372  0.001266   0.06552        20       416    0.6242    0.8375    0.8247    0.5482   0.05055   0.05247  0.004019
   182/299     1.87G   0.02831   0.04515  0.001247   0.07471        39       416    0.6755    0.8375    0.8255     0.561   0.04914   0.05325   0.00382
   183/299     1.87G   0.02742   0.03899  0.001102   0.06751        31       416    0.6665    0.8375    0.8292    0.5442   0.04845     0.054  0.003544
   184/299     1.87G   0.02915   0.04003  0.001164   0.07034        22       416    0.7246    0.8347    0.8385    0.5453   0.04894   0.05407  0.003229
   185/299     1.87G   0.02666   0.04332  0.001462   0.07144        65       416     0.717    0.8375    0.8373    0.5424    0.0492   0.05522  0.002503
   186/299     1.87G   0.02733   0.04112  0.001094   0.06954        19       416    0.7707    0.8208    0.8214    0.5802   0.04904    0.0553  0.002906
   187/299     1.87G   0.02719   0.04033  0.001317   0.06883        33       416    0.7503    0.8208    0.8291     0.569   0.04922   0.05557  0.002676
   188/299     1.87G   0.02771    0.0397  0.001125   0.06853        12       416    0.6739    0.8208    0.8319     0.572   0.04958   0.05323  0.002721
   189/299     1.87G   0.02783   0.04164  0.001195   0.07067        28       416    0.7322    0.7896    0.8298    0.5534   0.04983    0.0519  0.002637
   190/299     1.87G   0.02819   0.03982  0.001388    0.0694        35       416     0.743    0.8208    0.8342    0.5571   0.04855   0.05332  0.002794
   191/299     1.87G   0.02602   0.04156    0.0014   0.06898        27       416    0.7272    0.8208    0.8344    0.5466   0.04893   0.05168  0.002758
   192/299     1.87G   0.02794   0.03758  0.001072   0.06659        26       416    0.7212    0.8208    0.8383    0.5701   0.04916    0.0516  0.002841
   193/299     1.87G   0.02614   0.03979  0.001737   0.06767        23       416    0.7226    0.8208    0.8358    0.5576   0.04884    0.0504  0.002622
   194/299     1.87G   0.02675   0.03901   0.00105   0.06681        48       416     0.701    0.8375    0.8353    0.5424   0.04708   0.05183  0.002569
   195/299     1.87G   0.02772    0.0447  0.001007   0.07342        45       416    0.6828    0.8375    0.8335    0.5545   0.04765    0.0525  0.002449
   196/299     1.87G   0.02778   0.03436  0.001433   0.06357        25       416    0.6827    0.8375    0.8512    0.5421   0.04744   0.05212  0.002296
   197/299     1.87G   0.02562   0.04317  0.001067   0.06987        43       416    0.6521    0.8208    0.8375    0.5663   0.04722   0.05141  0.002387
   198/299     1.87G   0.02709   0.04027  0.001185   0.06855        25       416    0.6876    0.8293    0.8511    0.5656   0.04805   0.04985  0.002507
   199/299     1.87G   0.02743    0.0418  0.001334   0.07056        19       416    0.7206    0.8375    0.8563    0.5706   0.04914   0.04888  0.002337
   200/299     1.87G    0.0271   0.04354  0.001573   0.07221        18       416    0.6786    0.8208     0.828    0.5702   0.05017    0.0496  0.002799
   201/299     1.87G   0.02769   0.04377  0.001912   0.07337        27       416    0.6563    0.8208    0.8222    0.5602   0.05048   0.04869  0.002862
   202/299     1.87G   0.02627   0.04299  0.001098   0.07036        35       416    0.6317    0.8042    0.8233    0.5629   0.04975    0.0489   0.00275
   203/299     1.87G   0.02523    0.0402  0.001078   0.06651        29       416    0.5988    0.8127    0.8473    0.5569   0.05034    0.0502  0.002873
   204/299     1.87G   0.02727   0.03892    0.0018   0.06799        21       416    0.5951    0.7875    0.8022    0.5519   0.05094   0.05154  0.002801
   205/299     1.87G   0.02536   0.03864  0.001115   0.06511        34       416    0.6942    0.7875    0.8096    0.5642    0.0494   0.05342  0.002779
   206/299     1.87G   0.02614   0.03801  0.001512   0.06566        23       416     0.713    0.8042    0.8076    0.5489   0.04896   0.05325  0.002932
   207/299     1.87G   0.02538   0.03669  0.001139   0.06321        20       416    0.6962    0.8042    0.8024    0.5368   0.04913   0.05548  0.002746
   208/299     1.87G    0.0276   0.04298   0.00104   0.07163        36       416    0.6903    0.8042    0.7976    0.5227   0.04904   0.05502  0.002781
   209/299     1.87G   0.02454   0.03887  0.001178   0.06459        25       416    0.7062    0.8042    0.8003    0.5145   0.04805   0.05397  0.002575
   210/299     1.87G     0.026   0.03966  0.001055   0.06672        30       416    0.7042    0.8042    0.8036    0.5408   0.04772   0.05234  0.002358
   211/299     1.87G   0.02556   0.03627  0.001435   0.06326        28       416    0.6241    0.8042    0.8037    0.5364   0.04776   0.05256  0.002284
   212/299     1.87G   0.02741   0.03958  0.001641   0.06863        39       416     0.644    0.8042    0.8007    0.5374   0.04882   0.05194  0.002306
   213/299     1.87G    0.0249   0.03715  0.001025   0.06307        36       416    0.7425    0.8042    0.8118    0.5506   0.04905   0.05175  0.002225
   214/299     1.87G   0.02501   0.03839  0.001649   0.06505        22       416    0.7678    0.8208    0.8338    0.5593   0.04969   0.05186  0.002165
   215/299     1.87G   0.02597   0.03782 0.0009137   0.06471        10       416    0.7781    0.8208     0.837     0.553   0.04937    0.0516  0.002442
   216/299     1.87G   0.02634   0.03485 0.0006127    0.0618        33       416    0.7405    0.8208    0.8391    0.5481      0.05   0.04986  0.002699
   217/299     1.87G   0.02447   0.03826  0.001384   0.06412        23       416    0.7762    0.8208    0.8334     0.558   0.04925    0.0509  0.002633
   218/299     1.87G   0.02712     0.042  0.001198   0.07032        68       416    0.7602    0.8208    0.8256    0.5595   0.04881   0.05208  0.002743
   219/299     1.87G    0.0237   0.03661 0.0009963    0.0613        28       416     0.758    0.8208    0.8283    0.5674   0.04875   0.05197  0.002783
   220/299     1.87G   0.02481   0.04115  0.001027   0.06699        42       416    0.7426    0.8208    0.8348    0.5765   0.04796   0.05138   0.00279
   221/299     1.87G   0.02435    0.0365  0.001195   0.06205        18       416    0.7427    0.8208    0.8327    0.5721   0.04827   0.05072   0.00262
   222/299     1.87G   0.02449    0.0368  0.001197   0.06249        21       416     0.706    0.8208    0.8313    0.5763   0.04888   0.05035  0.002361
   223/299     1.87G   0.02409   0.03702 0.0009559   0.06207        37       416    0.7096    0.8208    0.8305    0.5726   0.04895   0.05015  0.002299
   224/299     1.87G   0.02617   0.04141 0.0009253   0.06851        29       416    0.7506    0.8208     0.826    0.5742   0.04959    0.0509  0.002254
   225/299     1.87G   0.02572   0.03851  0.001131   0.06536        39       416    0.7518    0.8208    0.8217    0.5664   0.05006   0.05225  0.002147
   226/299     1.87G   0.02392   0.03701  0.001224   0.06215        12       416    0.7556    0.8144    0.8218    0.5572    0.0501   0.05213  0.002294
   227/299     1.87G   0.02387    0.0366 0.0007849   0.06125        23       416    0.7496    0.8042    0.8212    0.5765   0.05051   0.05113  0.002441
   228/299     1.87G   0.02505   0.03861 0.0008553   0.06452        47       416    0.7462    0.8375    0.8256    0.5811   0.05037   0.04976  0.002509
   229/299     1.87G   0.02032   0.03441 0.0008903   0.05561         6       416    0.7427    0.8042     0.822    0.5664   0.05027   0.04947  0.002471
   230/299     1.87G   0.02501   0.03776 0.0008826   0.06365        26       416       0.7    0.7875    0.8048    0.5686   0.04967    0.0497  0.002373
   231/299     1.87G   0.02487   0.03774 0.0008346   0.06345        25       416    0.7354    0.8042    0.8162    0.5545   0.04999   0.05046  0.002414
   232/299     1.87G   0.02415   0.03527 0.0008747   0.06029        11       416    0.6942    0.7729    0.8123    0.5414    0.0495   0.05185  0.002465
   233/299     1.87G   0.02415   0.03984  0.000892   0.06488        29       416    0.7069    0.7943     0.813    0.5324   0.04957   0.05184  0.002529
   234/299     1.87G   0.02246   0.03421  0.001144   0.05781        20       416    0.7008    0.8208    0.8069     0.527   0.04983   0.05095  0.002446
   235/299     1.87G   0.02543   0.04072 0.0007921   0.06694        16       416    0.7246    0.8208    0.8304    0.5469    0.0492   0.05117  0.002166
   236/299     1.87G   0.02511   0.03719  0.001281   0.06358        26       416    0.6927    0.7819    0.8037    0.5528   0.04899   0.05123  0.002247
   237/299     1.87G   0.02356   0.03713 0.0008306   0.06153        29       416     0.739    0.8196    0.8323    0.5577   0.04836   0.05273  0.002249
   238/299     1.87G   0.02151   0.03624 0.0009572    0.0587        16       416    0.7429    0.8208     0.829     0.554   0.04798   0.05252  0.002665
   239/299     1.87G   0.02388   0.03422  0.001143   0.05924        24       416    0.7298    0.8208    0.8261    0.5632   0.04798   0.05255  0.002848
   240/299     1.87G   0.02391   0.03531 0.0009434   0.06016        29       416    0.7334    0.8208     0.838    0.5692   0.04827   0.05236  0.002841
   241/299     1.87G   0.02218   0.03387 0.0007353   0.05679        32       416    0.5977    0.8208    0.8245    0.5569   0.04877   0.05185  0.002614
   242/299     1.87G    0.0216   0.03487 0.0009301   0.05741        11       416    0.7117    0.8208     0.834    0.5599    0.0483   0.05239  0.002645
   243/299     1.87G   0.02275   0.03563 0.0007091   0.05909        24       416    0.7279    0.8375    0.8427    0.5558   0.04813   0.05287  0.002416
   244/299     1.87G   0.02507   0.04025  0.001225   0.06654        51       416    0.7123    0.8042    0.8216    0.5594   0.04789    0.0526  0.002143
   245/299     1.87G   0.02387   0.03633 0.0008299   0.06102        29       416    0.6924    0.8375    0.8457    0.5619   0.04773   0.05208  0.002171
   246/299     1.87G   0.02457   0.03589  0.001319   0.06178        21       416    0.6399    0.8208    0.8314    0.5601   0.04759   0.05108  0.002381
   247/299     1.87G   0.02335     0.038 0.0009782   0.06233        19       416    0.6443    0.8042    0.8373    0.5651   0.04749   0.05007   0.00264
   248/299     1.87G   0.02476   0.03833  0.000702   0.06379        36       416    0.7031    0.8375    0.8349     0.563   0.04841   0.05047  0.002876
   249/299     1.87G   0.02331   0.03905 0.0008957   0.06326        27       416     0.689    0.8375    0.8341    0.5691   0.04765   0.05176  0.002668
   250/299     1.87G   0.02175   0.03362  0.001046   0.05642        33       416    0.6905    0.8375    0.8353    0.5604   0.04741   0.05281   0.00264
   251/299     1.87G   0.02256   0.03539  0.001328   0.05928        26       416     0.682    0.8229    0.8312    0.5541   0.04752   0.05277  0.002632
   252/299     1.87G   0.02278   0.03586 0.0007639    0.0594        23       416    0.6966    0.8208    0.8304    0.5723   0.04692     0.053  0.002577
   253/299     1.87G   0.02415   0.03855  0.001377   0.06408        31       416    0.7173    0.8164    0.8339    0.5575   0.04665   0.05332  0.002065
   254/299     1.87G    0.0224   0.03462 0.0009548   0.05797        40       416    0.6729    0.7915    0.8432    0.5737   0.04673   0.05344  0.002047
   255/299     1.87G   0.02232   0.03253 0.0009085   0.05576        33       416    0.6682    0.7896    0.8393     0.574   0.04692   0.05331  0.002158
   256/299     1.87G   0.02233   0.03417 0.0006759   0.05717        11       416    0.6693    0.7729    0.8261    0.5566   0.04635   0.05442  0.002092
   257/299     1.87G   0.02276   0.03308   0.00105   0.05689        24       416    0.6433    0.7729    0.8273    0.5606   0.04622   0.05362  0.002071
   258/299     1.87G   0.02251   0.03575 0.0007436     0.059        19       416    0.6602    0.7896     0.845    0.5772   0.04689   0.05279  0.002106
   259/299     1.87G   0.02336   0.04119   0.00154   0.06609        30       416    0.6725    0.8063    0.8443    0.5759   0.04679    0.0526   0.00206
   260/299     1.87G   0.02247   0.03428 0.0008959   0.05764        26       416    0.6974    0.8021    0.8467    0.5876   0.04705   0.05235  0.002072
   261/299     1.87G   0.02427   0.03766 0.0006671    0.0626        38       416     0.708    0.8063    0.8505    0.5825   0.04729   0.05311  0.002066
   262/299     1.87G   0.02302   0.03889 0.0007555   0.06267        37       416    0.7168    0.8063    0.8499    0.5857   0.04713   0.05332  0.001996
   263/299     1.87G   0.02318   0.03483  0.001362   0.05937        39       416    0.7053    0.8063    0.8491    0.5716   0.04674   0.05384   0.00193
   264/299     1.87G   0.02295   0.03875 0.0009648   0.06266        35       416    0.7049    0.8063    0.8518    0.5768   0.04697   0.05345  0.002073
   265/299     1.87G   0.02293   0.03516 0.0007605   0.05885        30       416    0.6932    0.8063    0.8555     0.575   0.04713   0.05258  0.002247
   266/299     1.87G   0.02204   0.03467 0.0008694   0.05758        22       416    0.6975    0.8063    0.8522    0.5739   0.04681   0.05223  0.002301
   267/299     1.87G   0.02256   0.03547 0.0007608   0.05879        37       416    0.7002    0.8122    0.8446    0.5616    0.0472   0.05215  0.002255
   268/299     1.87G   0.02435   0.03376  0.001238   0.05935        25       416    0.6963    0.8375     0.846    0.5705   0.04734   0.05224  0.002037
   269/299     1.87G   0.02214   0.03498 0.0008675   0.05799        22       416    0.6981    0.8278     0.839    0.5616   0.04743   0.05147  0.001918
   270/299     1.87G   0.02288   0.03514  0.001003   0.05903        50       416    0.7473    0.8375     0.847    0.5612    0.0472   0.05176  0.001768
   271/299     1.87G   0.02141   0.03511 0.0006557   0.05717        23       416    0.7513    0.8365    0.8454    0.5706   0.04741   0.05193  0.001696
   272/299     1.87G   0.02214   0.03194 0.0008021   0.05488        10       416    0.7505    0.8205    0.8435    0.5671   0.04709   0.05298  0.001627
   273/299     1.87G   0.02174   0.03557  0.001824   0.05914        17       416    0.7019    0.8208    0.8423    0.5687   0.04711   0.05318  0.001709
   274/299     1.87G   0.02198   0.03866   0.00067    0.0613        35       416    0.6817    0.8208    0.8444    0.5695   0.04721   0.05299  0.001754
   275/299     1.87G   0.02238   0.03309 0.0007674   0.05624        29       416    0.6749    0.8208    0.8318    0.5574   0.04719   0.05333  0.001938
   276/299     1.87G   0.02169   0.03914 0.0004849   0.06131        70       416     0.667    0.7972    0.8282    0.5526   0.04729   0.05368  0.002131
   277/299     1.87G   0.02139   0.03542 0.0008538   0.05766        26       416    0.6881    0.7896    0.8364    0.5435   0.04745   0.05416   0.00213
   278/299     1.87G   0.02136   0.03592 0.0007774   0.05806        39       416     0.716    0.7896    0.8308    0.5479   0.04747   0.05536  0.002148
   279/299     1.87G   0.02147   0.03192  0.000819   0.05421        28       416    0.7214    0.7896    0.8433     0.551    0.0472   0.05528  0.002114
   280/299     1.87G   0.02101   0.03123  0.000635   0.05288        21       416    0.7327    0.8208    0.8413    0.5478   0.04748   0.05532  0.002192
   281/299     1.87G   0.02198   0.03301  0.001236   0.05623        14       416     0.748    0.8334    0.8401    0.5487   0.04774   0.05631  0.001965
   282/299     1.87G   0.02197   0.03636 0.0005974   0.05894        44       416    0.7537    0.8375    0.8445    0.5546   0.04777   0.05576  0.001922
   283/299     1.87G   0.02281   0.03608  0.001198   0.06009        32       416    0.7566    0.8375    0.8472    0.5647   0.04792   0.05603  0.002155
   284/299     1.87G   0.02167   0.03158 0.0007951   0.05405        15       416     0.736    0.8375    0.8443    0.5593   0.04825   0.05596  0.002126
   285/299     1.87G   0.02205   0.03367   0.00111   0.05683        17       416    0.7444    0.8375    0.8427    0.5477    0.0482    0.0555  0.001931
   286/299     1.87G   0.02289   0.03609 0.0006052   0.05959        33       416    0.7201    0.8063    0.8383    0.5539   0.04785   0.05655  0.001971
   287/299     1.87G   0.02201   0.03252  0.001054   0.05558        15       416     0.723    0.8063    0.8306    0.5422   0.04823   0.05627  0.001927
   288/299     1.87G    0.0212   0.03382  0.001542   0.05656        27       416    0.6024    0.8063    0.8173    0.5373   0.04715   0.05562  0.001918
   289/299     1.87G    0.0211   0.03237 0.0007337    0.0542        22       416    0.6881    0.8063     0.828    0.5497   0.04711   0.05472   0.00171
   290/299     1.87G   0.02193    0.0334  0.000562   0.05589        25       416    0.7091    0.8063    0.8273    0.5556   0.04729   0.05545  0.001618
   291/299     1.87G   0.02276   0.03316  0.000776    0.0567        25       416    0.7178     0.794     0.831    0.5811   0.04706   0.05469  0.001742
   292/299     1.87G   0.02143   0.03349 0.0008508   0.05577        12       416    0.6185    0.7896    0.8225    0.5715   0.04729   0.05497  0.002354
   293/299     1.87G   0.02206    0.0311 0.0008496   0.05402        16       416    0.6884    0.7583    0.7682     0.572   0.04751   0.05354  0.002171
   294/299     1.87G    0.0209   0.03842 0.0008658   0.06019        39       416    0.7547    0.7896     0.828    0.5798   0.04763   0.05447  0.002458
   295/299     1.87G    0.0214   0.02991  0.001922   0.05324        15       416    0.7657    0.7896    0.8255    0.5705   0.04774   0.05499  0.002622
   296/299     1.87G   0.02156   0.03399 0.0008207   0.05637        26       416     0.757    0.7896    0.8196      0.56   0.04817   0.05518   0.00252
   297/299     1.87G    0.0204   0.03424  0.000713   0.05535        21       416    0.7172    0.7896    0.8224    0.5576   0.04804    0.0549   0.00236
   298/299     1.87G   0.02196   0.03415   0.00086   0.05697        19       416    0.7359    0.8052    0.8263    0.5575   0.04735   0.05478  0.002145
   299/299     1.87G   0.02024   0.03469 0.0006332   0.05556        19       416    0.7205    0.8063    0.8293    0.5631   0.04719   0.05435  0.002228
